1847
-0.2906244580519996 -0.9417718159109421 0
-0.2842263591367142 -1.009226319159864 0
-0.2971371958391816 -1.073181530905887 0
-0.3357156575191636 -0.8719924414638293 0
-0.4919936735799518 -1.015408105374677 0
-0.719559868371437 -1.110129393724059 0
-0.8970730195775523 -1.023282677214161 0
-0.3835829924906587 -0.8372656527723003 0
-0.4345581134511254 -0.8139490886265284 0
-0.3434520995786026 -1.131650199964311 0
-0.7231515318513392 -0.9870307659430447 0
-0.5402494441860344 -0.8305175730212526 0
-0.9029983315933822 -1.071612006535094 0
-0.7398468820339581 -1.146437880555193 0
-0.4962437802146147 -1.05562219807861 0
-0.8770506657911619 -0.970403632343671 0
-0.9032702032361597 -1.120785224430489 0
-0.5755305154460681 -0.8658645322011869 0
-0.3839220655921275 -1.15662596741956 0
-0.8977190713912686 -1.169390268774775 0
-0.7551637256466012 -1.184051568827835 0
-0.7476085721367813 -0.9547070593044751 0
-0.5082522220136325 -0.9943874665647854 0
-0.499282801258376 -0.9900505254976339 0
-0.5003488423083938 -1.095141186742079 0
-0.5075368041855362 -0.9844518082820948 0
-0.4985608641610643 -0.9801067687987395 0
-0.8847324974501843 -1.215504880229225 0
-0.618593562923602 -0.9173014898816441 0
-0.5068143811491478 -0.9745086306966659 0
-0.4978412285061483 -0.9701634007399164 0
-0.4895863580321246 -0.9757621348925311 0
-0.4888683074446088 -0.965818535041442 0
-0.480617071119492 -0.9714170381741206 0
-0.4798964487584272 -0.9614738915125903 0
-0.471648092468005 -0.9670709245872227 0
-0.47092536479922 -0.9571289535190791 0
-0.4626769342083322 -0.9627257223638513 0
-0.4619540401053535 -0.9527842933301778 0
-0.4537060625319603 -0.9583809476036795 0
-0.470202396427414 -0.9471872568519136 0
-0.4529830489699316 -0.9484398079720148 0
-0.4447353477939461 -0.9540363948987781 0
-0.4454573710034668 -0.963977334277463 0
-0.4364877962462262 -0.9596328329602102 0
-0.4372096536967419 -0.9695733982824712 0
-0.4282415998748063 -0.9652306399614489 0
-0.42896339319152 -0.9751694868197918 0
-0.4199949776949534 -0.970826947209231 0
-0.420716649573715 -0.9807652984129765 0
-0.4117472203357411 -0.9764213520869007 0
-0.4124697670888089 -0.9863606822909077 0
-0.4275207196537513 -0.9552868368585301 0
-0.4819454537853169 -0.8062332337286094 0
-0.4035004765148263 -0.9820167717246419 0
-0.4042231375974676 -0.9919560693917036 0
-0.5060919113956427 -0.9645649248699287 0
-0.4189935711240936 -1.174152008826343 0
-0.7680079503837609 -1.221855123467981 0
-0.8472928548874075 -0.9339323433379882 0
-0.5535064918494603 -1.01394791127252 0
-0.3104740595067178 -0.9001407606067172 0
-0.3952541477609679 -0.9876122397286911 0
-0.3959767985514199 -0.997551444112062 0
-0.3945313716283739 -0.9776730265941641 0
-0.4049455851662958 -1.001895229582932 0
-0.3966993364052598 -1.007490434955929 0
-0.4056679250456662 -1.011834193180885 0
-0.3974218858555206 -1.01742925771358 0
-0.4063903360012862 -1.021772971375384 0
-0.3981441611262543 -1.027367945465506 0
-0.4071127409905998 -1.03171161824765 0
-0.3988665915551409 -1.037306480184823 0
-0.4078351347579632 -1.041650112615685 0
-0.3891758535846258 -1.023024259353563 0
-0.6441420597904963 -0.9492838038233957 0
-0.6981207697474333 -1.087061750825958 0
-0.3862853024329465 -0.9832684572969775 0
-0.3855657313960739 -0.97332297855696 0
-0.8664693998482111 -1.249470928054631 0
-0.3995893477667751 -1.04724491667097 0
-0.4085574910974903 -1.051588455599247 0
-0.5052451312292959 -1.134386132512931 0
-0.5813061866488759 -1.025084591428531 0
-0.3773171738080237 -0.9789235903679031 0
-0.6001340182735954 -0.8949960641572591 0
-0.3765977392553583 -0.9689782865306787 0
-0.4003119181976005 -1.057183262881073 0
-0.4092798777308507 -1.061526708430757 0
-0.3913438954478959 -1.052839822133351 0
-0.6095951280884367 -1.035742352967645 0
-0.368348969430979 -0.9745796308099691 0
-0.7782577896457041 -1.249419797935791 0
-0.772787511323324 -0.9250382012583918 0
-0.4010344017082441 -1.067121456622416 0
-0.4100022776817632 -1.071464852020199 0
-0.3150545104557814 -1.104865953337214 0
-0.3676262592283513 -0.9646410217920908 0
-0.5150654812437132 -0.9689101312426842 0
-0.5143420759228515 -0.9589659121077021 0
-0.5233161619380136 -0.9633113974497807 0
-0.5225924108211897 -0.9533668950358424 0
-0.531566585023398 -0.9577121991322677 0
-0.5308427667147817 -0.9477679204340661 0
-0.5398167085797438 -0.9521130163131186 0
-0.5390926956890353 -0.9421691052760965 0
-0.5301194197117044 -0.9378242057073418 0
-0.6632122390710025 -0.972530902201129 0
-0.4456394671859061 -1.185005734849659 0
-0.3758730382071832 -0.9590365525233793 0
-0.4017568982982043 -1.077059564034288 0
-0.4107247091685629 -1.08140291879663 0
-0.3594209868799701 -0.8543736994041949 0
-0.3593800789168555 -0.9702375546398387 0
-0.3601027553227116 -0.9801757193852151 0
-0.4168032016580425 -1.045993679416745 0
-0.4189700931788123 -1.075808275120906 0
-0.4196925080699995 -1.085746308600913 0
-0.6389109248934489 -1.047181293699884 0
-0.3669034027013082 -0.9547017990840231 0
-0.3751483379872656 -0.9491093069855112 0
-0.5480665421333089 -0.9465138776280067 0
-0.409636524032041 -0.8225982673247449 0
-0.2864122956126121 -1.037902026148089 0
-0.4146359838502978 -1.016178831444679 0
-0.5383687255407053 -0.9322258058991391 0
-0.5293948967528141 -0.9278814041896416 0
-0.2841647138482042 -0.9791953421457085 0
-0.4279378546724837 -1.080151688853453 0
-0.4286602723505637 -1.090089655260859 0
-0.8477642508487543 -1.271656831617499 0
-0.6746640304634085 -1.066635945337111 0
-0.3661804976764089 -0.9447653800448095 0
-0.3744256361862917 -0.9391710312532245 0
-0.4024793274468975 -1.086997539434961 0
-0.3935115888154769 -1.082654273528151 0
-0.8892400624978077 -0.9959919188156114 0
-0.6832464219440784 -0.9947317301774464 0
-0.365457675837276 -0.9348278667196395 0
-0.3737028712973144 -0.9292330468643188 0
-0.5163036411506834 -0.8157759530130317 0
-0.4379323683703313 -0.9795136342629855 0
-0.5376445452311093 -0.9222834770173414 0
-0.528671404716019 -0.9179393826699382 0
-0.5059334894307497 -1.163170309838441 0
-0.394234036980957 -1.092592087248732 0
-0.3852664533937851 -1.088248911808068 0
-0.3511346235115649 -0.9758326105858968 0
-0.3518571660603553 -0.9857707067166317 0
-0.4369055722468967 -1.084495068950338 0
-0.4376279484888116 -1.094433075148395 0
-0.4293826843622403 -1.100027571557609 0
-0.4383503064378623 -1.104371008297707 0
-0.4301051060635337 -1.109965420273159 0
-0.4390726717696161 -1.114308758446969 0
-0.3572123866493247 -0.940422833421112 0
-0.8247306867811537 -0.9160968046328661 0
-0.5487906143999695 -0.9564577753731258 0
-0.5570414441503153 -0.9508587865130497 0
-0.5577654039336177 -0.960804033430228 0
-0.5660154846388356 -0.9552045162753654 0
-0.566741648267711 -0.9651513918181985 0
-0.5749886069736238 -0.9595490176267989 0
-0.5652893081937382 -0.9452587164137263 0
-0.789579755175126 -1.275288745855464 0
-0.5369185080068419 -0.9123408738002251 0
-0.5279455547746521 -0.9079968097633159 0
-0.5196993680593444 -0.9135941239422342 0
-0.5189779232475629 -0.9036537656165056 0
-0.5107316779761207 -0.9092501296584753 0
-0.5100086964211449 -0.8993101518869633 0
-0.501759423520756 -0.9049077486243126 0
-0.5010386963712979 -0.894966865330757 0
-0.4927889386574704 -0.9005633847444667 0
-0.492069038434701 -0.8906234151579594 0
-0.4838232179316497 -0.8962188348873705 0
-0.4831003662874329 -0.8862799817982145 0
-0.4748546110936417 -0.8918756000394099 0
-0.474131650349222 -0.8819367469293919 0
-0.4658841776954619 -0.8875328691504152 0
-0.4651627252342708 -0.8775937582785496 0
-0.4569172808681161 -0.8831889264681687 0
-0.4913463453229626 -0.8806841949248153 0
-0.5182557300893937 -0.8937136878404881 0
-0.4561943290423952 -0.873250659504057 0
-0.4479489886503336 -0.8788458725637409 0
-0.4486716452500875 -0.8887839108195039 0
-0.439703357521678 -0.8844411250668338 0
-0.4644398611021643 -0.8676552336449386 0
-0.4404264286944742 -0.8943796543465178 0
-0.4314579920293935 -0.8900364582993687 0
-0.4307350416366454 -0.8800981235899989 0
-0.4224897248116074 -0.8856933462432777 0
-0.4232126354054789 -0.8956315984181097 0
-0.4142443874823652 -0.8912884920490238 0
-0.5757179351238961 -0.969498378702196 0
-0.5839675479511675 -0.9638953284501329 0
-0.3647349900318643 -0.9248899534467006 0
-0.5846956066352533 -0.9738457676643184 0
-0.3428893090056852 -0.9814274455984802 0
-0.3436117996881815 -0.9913654080883366 0
-0.3859888785772003 -1.098186572913195 0
-0.3770214502003572 -1.093843422236316 0
-0.4308275302125493 -1.119903211961583 0
-0.4397950725659434 -1.124246472465305 0
-0.4480401861667864 -1.118652037442363 0
-0.4487625533481324 -1.128589670622374 0
-0.4458731797569302 -1.088838631617097 0
-0.4451508682995776 -1.078900561901137 0
-0.5929464271717092 -0.9682443682312181 0
-0.5936739503780936 -0.9781933645088237 0
-0.3729861940793258 -0.9192899547659287 0
-0.3819591544556583 -0.9236268930246856 0
-0.4217667661322373 -0.8757552343871207 0
-0.455471499827874 -0.8633125386924141 0
-0.4637165870736403 -0.8577174757584096 0
-0.3346440063802824 -0.9870219959447405 0
-0.3353665789697702 -0.9969599782583258 0
-0.3339217973753565 -0.9770830775011176 0
-0.3443341502800144 -1.001303259346978 0
-0.3360892418986997 -1.006898065112342 0
-0.3450566005983179 -1.011241036041574 0
-0.3368117644071767 -1.01683584393558 0
-0.3457790035622911 -1.021178716642402 0
-0.337533973481666 -1.026773163492215 0
-0.346501376052949 -1.031116278424694 0
-0.3382564922302805 -1.036710592165578 0
-0.3472236975074714 -1.041053711703426 0
-0.3389790170053986 -1.046647950305523 0
-0.3479459646556631 -1.050990960075957 0
-0.3397014622773809 -1.056585167526837 0
-0.4729360639129924 -1.192538720560174 0
-0.6019250311591173 -0.9725919657003846 0
-0.6026525481909241 -0.9825409158362337 0
-0.4723660402064022 -0.9770135109751579 0
-0.5458919768716934 -0.9166855604339192 0
-0.5451625157521095 -0.9067432640507203 0
-0.4570075939258496 -1.122995299241782 0
-0.457729877682882 -1.132932845504429 0
-0.3640132754938867 -0.9149512378612419 0
-0.3722573914820577 -0.9093571977722354 0
-0.7097859085543569 -1.002181790281515 0
-0.7028951145609504 -1.009534421903011 0
-0.7126117432551357 -1.011811567441682 0
-0.7057666595009864 -1.019096721489937 0
-0.7154820875624657 -1.021380682835723 0
-0.7086440717375462 -1.028654983592736 0
-0.7183603789599753 -1.030939962959889 0
-0.7251961474366124 -1.023667369306293 0
-0.7280772420470745 -1.033224980290435 0
-0.7349147615367089 -1.025951475262133 0
-0.737796370800937 -1.03550980798821 0
-0.7446344971647492 -1.028235581919512 0
-0.7475163086415524 -1.037794934271353 0
-0.7543550601266071 -1.03051968269588 0
-0.7572369373714872 -1.040079785290894 0
-0.7640760474253854 -1.032804164535083 0
-0.7669579001903171 -1.042364679491634 0
-0.7737974756092033 -1.035088239514519 0
-0.7766794248041118 -1.044649618532848 0
-0.7835192323668279 -1.037372955638152 0
-0.7864013083433689 -1.046934735382495 0
-0.7932413154920989 -1.039657773073512 0
-0.796123512348736 -1.049219945207394 0
-0.7903589999962435 -1.030095644098256 0
-0.7892818990714906 -1.056496880769644 0
-0.7990057116380413 -1.058782405521054 0
-0.7921642429231029 -1.066059828244631 0
-0.801888186660431 -1.068345308158604 0
-0.795045608718294 -1.075623973980523 0
-0.8047705773689697 -1.077908762193483 0
-0.8000814671201388 -1.032380446343128 0
-0.7971989631316508 -1.022817944606236 0
-0.8087284656418458 -1.061067665278375 0
-0.7979270849229582 -1.085188131029998 0
-0.8076520437810049 -1.08747288183208 0
-0.8008108855480351 -1.094751441974059 0
-0.8105356403581143 -1.097036552758011 0
-0.8036944901427523 -1.104315188479005 0
-0.8134177713481932 -1.106601210859633 0
-0.8065772111230497 -1.113879718146204 0
-0.8163018816449387 -1.116165483167451 0
-0.8094601698868226 -1.123444432890809 0
-0.8191851099383435 -1.125730176472449 0
-0.8123430613874817 -1.133009370789165 0
-0.8231400399388646 -1.108888284673982 0
-0.8220681128103411 -1.135295229243845 0
-0.8152259202707636 -1.14257454184606 0
-0.8069217886320902 -1.025102887248147 0
-0.8040392340450215 -1.015540032737895 0
-0.8249511475189892 -1.14486042649469 0
-0.8181088472000334 -1.152139852609106 0
-0.8278342472869303 -1.154425770442484 0
-0.8209918457108121 -1.161705271582514 0
-0.8137623645488639 -1.017825032974924 0
-0.8108797246057109 -1.008261911379491 0
-0.785317066212381 -1.073338271142166 0
-0.7943161745143197 -1.013255076842326 0
-0.7939678108653909 -1.102029204515952 0
-0.8307173294304283 -1.163991229723768 0
-0.8238748740610065 -1.171270780473688 0
-0.8346765473984301 -1.147146229118008 0
-0.750395853116988 -1.047356150657767 0
-0.820603090137451 -1.010547009319761 0
-0.8234857404984266 -1.020110337558014 0
-0.8177203888532407 -1.000983646062052 0
-0.8055007693326551 -1.140288557862902 0
-0.8336003955937873 -1.173556739630763 0
-0.8267579253156572 -1.180836342652207 0
-0.8170323394904493 -1.178550356674356 0
-0.8199154080311578 -1.18811598362492 0
-0.8296410307491306 -1.190401957250667 0
-0.8227985147326295 -1.197681623756507 0
-0.7514689598924572 -1.020959244624055 0
-0.8303266403372496 -1.012832335135521 0
-0.8332094012901015 -1.022395814135321 0
-0.6989260353906156 -1.026371928233758 0
-0.8325241594659798 -1.199967597909938 0
-0.8256816446046008 -1.207247265157565 0
-0.8101897457192195 -1.185829993526478 0
-0.8400504987911654 -1.015117554796315 0
-0.8429333451404772 -1.024681330539274 0
-0.7212350490958841 -1.040498025810545 0
-0.4541184646126573 -1.083244018607809 0
-0.4533961591882313 -1.073306024020918 0
-0.730736624112158 -1.127910713780688 0
-0.5541385596980881 -0.9110880357712414 0
-0.8354071138186048 -1.20953333560944 0
-0.8285644355673505 -1.216813044536769 0
-0.8188391402659059 -1.214526926775156 0
-0.8217220236829594 -1.224092462061345 0
-0.8422497600032555 -1.202253592040116 0
-0.6107589678973777 -0.976949968260483 0
-0.6116070296168146 -0.9868906493382372 0
-0.592207894878312 -0.9582921348128188 0
-0.6561356223723971 -1.057330202138488 0
-0.4494849784541516 -1.138527124083098 0
-0.458452108096842 -1.142870238578685 0
-0.502477526633746 -0.9148492380381491 0
-0.4755691006613781 -0.9018187396510938 0
-0.3777439743379811 -1.103780787551696 0
-0.3867112900693298 -1.108124169826457 0
-0.3687749030662258 -1.099436166266196 0
-0.3263989151997576 -0.9926171453076927 0
-0.7481004595413359 -1.164791721416746 0
-0.8285626956316008 -1.288904870314192 0
-0.4934729649330576 -1.035559430644424 0
-0.84977459847868 -1.017402958659772 0
-0.8526575635523161 -1.026966862426947 0
-0.8458160924962846 -1.034245531391525 0
-0.8555406588397412 -1.036531305452681 0
-0.8486988019228682 -1.043809980511012 0
-0.8584234129994336 -1.046095742951832 0
-0.8515814698243399 -1.053374702927157 0
-0.8468925580810197 -1.007839481312593 0
-0.861306336237982 -1.055660331473446 0
-0.8544643665568057 -1.062939473789177 0
-0.3285669805650744 -1.022431221812485 0
-0.5584846212012824 -0.9707496635963825 0
-0.4547487396703356 -0.8533747956305056 0
-0.4629934119813256 -0.8477800466565444 0
-0.471960841913403 -0.8521223076462459 0
-0.7934749559445149 -0.9100155732141174 0
-0.6193712509787088 -0.9816157926786443 0
-0.6206108663616768 -0.9912363186516826 0
-0.8119967802245479 -1.221806432775269 0
-0.814879856615097 -1.231371828374506 0
-0.8246048507945486 -1.233657692341109 0
-0.8177629842171276 -1.240936806317993 0
-0.8641893729794599 -1.065225147367977 0
-0.857347291644921 -1.072504428988266 0
-0.8670724674284447 -1.074790143366045 0
-0.8602303168350731 -1.082069502376192 0
-0.869955597645294 -1.084355290383754 0
-0.8631133481256039 -1.091634751244926 0
-0.7617418962282845 -1.202718550299777 0
-0.4149672294603293 -0.9012266737041059 0
-0.3486691638608249 -1.060930055819552 0
-0.3404238735249298 -1.066522266890597 0
-0.6099933718406043 -0.966998679818456 0
-0.4440145622387906 -0.9440952743295564 0
-0.45226010075529 -0.9384988242974841 0
-0.3557672005440153 -0.9205467781603364 0
-0.3300120112298111 -1.042305395731136 0
-0.4881461862976573 -0.9558751788380888 0
-0.4315499694186263 -1.12984085785038 0
-0.4225824379729071 -1.125497698547321 0
-0.8404406815355432 -1.166279591233931 0
-0.3938085171869951 -0.9677339817660158 0
-0.3608251631192452 -0.9901147036233362 0
-0.8289101980952108 -1.128015929200572 0
-0.7997354617929229 -1.12115851109612 0
-0.8112663824507792 -1.159419265954563 0
-0.8079967863383494 -0.9986985668216137 0
-0.81483761357909 -0.9914200187086002 0
-0.8051137120789497 -0.9891349742167053 0
-0.8119546943256675 -0.9818561889152004 0
-0.8022303538234719 -0.9795709868290816 0
-0.809071559765998 -0.9722921060310427 0
-0.8187958286980923 -0.9745772613257105 0
-0.7993472515610833 -0.9700068864468958 0
-0.7925059404014995 -0.9772858594550317 0
-0.806188480027717 -0.9627280995346288 0
-0.7896227439361825 -0.9677215093954619 0
-0.7827812059328496 -0.9750006506915242 0
-0.3833937684222646 -0.9435142963951906 0
-0.7018063457751512 -1.035928717395957 0
-0.6920879758698215 -1.033643222998185 0
-0.4239354864579299 -0.9055699675866611 0
-0.4156899026392051 -0.9111652878181761 0
-0.8144915095053032 -1.080196740451506 0
-0.4623637632407847 -1.077649363864273 0
-0.4619055724140495 -1.067692263084505 0
-0.4630860270707293 -1.087587412877973 0
-0.4527178438873621 -1.063364919211194 0
-0.7359864995911529 -0.9716792310177138 0
-0.3550447655322879 -0.9106090221612677 0
-0.8451324098903117 -1.211819369066723 0
-0.461234575227961 -1.057750641496321 0
-0.4520113628913316 -1.053425867499191 0
-0.4602592732240145 -1.047831124181957 0
-0.4512290604139195 -1.043492331980108 0
-0.4594847653031364 -1.037897010578833 0
-0.4505083813342098 -1.03355429183421 0
-0.3467998512936501 -0.9162037645514385 0
-0.5240385414017348 -0.9732544356605489 0
-0.4587539915265555 -1.02795968692229 0
-0.449784437757667 -1.023616409581584 0
-0.4580302565621917 -1.01802167169625 0
-0.5854194038825506 -0.9837946783740019 0
-0.3784663684518761 -1.113718339978169 0
-0.3874336550077103 -1.118061769591226 0
-0.5534114382220302 -0.9011472867885588 0
-0.5351740482296619 -1.006479823754154 0
-0.5030567127754966 -1.1147860265222 0
-0.6314607258356427 -0.9343425956189202 0
-0.6123513421116927 -0.9968400703302887 0
-0.6213355536971292 -1.001187897115762 0
-0.6295697830360854 -0.9956295765679576 0
-0.6303135841182094 -1.005543221360559 0
-0.6385682542045925 -0.9999405538765864 0
-0.6392969602872791 -1.009885780089161 0
-0.4233048907571687 -1.135435302781348 0
-0.8728387652309744 -1.093920585394116 0
-0.8659964605487194 -1.101200100661113 0
-0.5877640059762185 -0.880192195022262 0
-0.8681485570037811 -1.048381563403132 0
-0.9025243925905868 -1.140236246188898 0
-0.5610333068663197 -0.8508819064932094 0
-0.4659748543377794 -1.127338530553905 0
-0.5623855990396769 -0.9054911303934242 0
-0.8595006403262546 -1.019689213304127 0
-0.8519752771982337 -1.204539556616975 0
-0.4502074208275662 -1.14846438436388 0
-0.459174417031447 -1.15280730728724 0
-0.4674189232244911 -1.147213339734283 0
-0.4681412283466323 -1.157150181780534 0
-0.4011334518834406 -1.165875598425241 0
-0.471237676443165 -0.8421854727002502 0
-0.4802046403117693 -0.8465275989946379 0
-0.3314571288340805 -1.062179360018043 0
-0.8936371304625532 -1.187804022819909 0
-0.7602462513937487 -0.9378749394014489 0
-0.6475522312987945 -1.004281290506848 0
-0.6482784736418995 -1.014231113339924 0
-0.3460772244806333 -0.9062662681308481 0
-0.3543219139063468 -0.900671697179723 0
-0.3321794924222685 -1.072116192837868 0
-0.8757847827070578 -1.231201402121644 0
-0.4059991022557932 -0.896883533503798 0
-0.4052762597729113 -0.8869453994556646 0
-0.2870491245205636 -0.9600914400737475 0
-0.3411460261760252 -1.076458962969994 0
-0.3762989386534906 -1.083905916464585 0
-0.3561913365723605 -1.045397622636067 0
-0.3540243350350607 -1.015584921696806 0
-0.4490617131471533 -1.013678102889712 0
-0.5136181338650871 -0.9490221784238513 0
-0.8505049593579053 -1.079783971099969 0
-0.8263678512834864 -1.029674366276061 0
-0.8447390555392255 -1.060654406788248 0
-0.4622694016646065 -0.837842962263023 0
-0.8655203384899403 -0.9550014933214238 0
-0.4981453196386393 -1.075331628105262 0
-0.2895751890202793 -1.054189708869839 0
-0.3264755505550826 -1.117836223391672 0
-0.2977450296514895 -0.9242952320834515 0
-0.6949684447084691 -1.043202231129582 0
-0.3655642164928944 -1.145933679614122 0
-0.8051546048327478 -1.229086013529092 0
-0.8022713575140443 -1.219520493207862 0
-0.8274875658976467 -1.243222499026396 0
-0.8206455939338233 -1.250501241141554 0
-0.4573078635882356 -1.008083165724941 0
-0.4246584666572603 -0.9155086015816287 0
-0.4164125914876436 -0.9211041295353604 0
-0.8562710563530388 -1.098914214511042 0
-0.8591541286673453 -1.108479580462253 0
-0.8688795553137982 -1.110765517285013 0
-0.8620371703316381 -1.118045094728963 0
-0.8717626972075557 -1.120331053684173 0
-0.8649202023800869 -1.127610693794519 0
-0.685249818121426 -1.040916301729022 0
-0.6823699246348239 -1.031357164263025 0
-0.9017683738157558 -1.051463027935863 0
-0.4763854732307252 -1.151556368759361 0
-0.477107448445428 -1.161492946271176 0
-0.7320310458075113 -1.016394264112648 0
-0.6365993606570748 -0.9894848027251515 0
-0.7798979943346267 -0.9654360042987731 0
-0.7867406892026594 -0.9581576385758703 0
-0.7730883040806297 -0.9727453932987749 0
-0.7759448268926659 -0.9822849764510224 0
-0.7662529116729533 -0.980030586171064 0
-0.7691051916389223 -0.9895659601178299 0
-0.7593807173890323 -0.9872810746328635 0
-0.561661754930921 -0.8955510141927261 0
-0.5526846675986367 -0.8912074859242463 0
-0.8109212507108962 -1.248215513589984 0
-0.8138046809780106 -1.257779292895611 0
-0.3970307765294268 -0.8925405836093556 0
-0.396308200638093 -0.882602480553103 0
-0.3880586238718147 -0.8881975819633451 0
-0.3873356497085354 -0.8782597450299897 0
-0.3955845758956552 -0.8726646760661741 0
-0.386711472580724 -0.8683149092366058 0
-0.3785499667247102 -0.8737231355539328 0
-0.3948781070659707 -0.8627257600919532 0
-0.4300120028302983 -0.8701600375409163 0
-0.3877306027532902 -1.003146694687009 0
-0.4143373840009938 -1.131092169975889 0
-0.3956787952107184 -1.11246756465823 0
-0.8343297556861717 -1.235943644226484 0
-0.4210438366213929 -0.8658172783232874 0
-0.4292889755829674 -0.8602221660258649 0
-0.4203210967214595 -0.8558794736514536 0
-0.4285659122437857 -0.850284525362493 0
-0.3504122877789081 -0.9658931335556561 0
-0.4652526025719371 -1.117400979324631 0
-0.4214379364531496 -0.9907052410073878 0
-0.8490922674606619 -1.194973980349816 0
-0.858817821928191 -1.197259914622145 0
-0.8559347324003233 -1.187694430033073 0
-0.4272155364840167 -1.070213670977418 0
-0.7698384886946936 -1.051926464084536 0
-0.7709136765824193 -1.025527785655151 0
-0.4493926242886659 -0.8987211141523136 0
-0.8245619409839005 -0.993705261098452 0
-0.4415394776566467 -1.029211016242684 0
-0.5631104347303227 -0.9154316972738739 0
-0.5713575567622489 -0.9098345258572225 0
-0.5720816316476491 -0.9197750820848555 0
-0.4909994553926003 -0.9956126408936168 0
-0.4987867660786605 -1.188496188083273 0
-0.9034411403535034 -1.10029922476527 0
-0.3378327061945415 -0.9118608166345525 0
-0.3385551526108202 -0.9217979790993265 0
-0.4794816402344489 -0.8365902532290899 0
-0.4884485239158563 -0.8409321257055962 0
-0.4891715198323504 -0.8508695046066311 0
-0.4974155865829502 -0.8452751908852085 0
-0.4981386900686309 -0.8552115022308737 0
-0.5063828682462013 -0.8496173301666239 0
-0.5071058439348614 -0.8595538215946441 0
-0.5153500599360138 -0.8539591585035092 0
-0.5160735618221316 -0.8638960981423092 0
-0.5243178647953014 -0.8583013615960642 0
-0.5250416387722332 -0.8682383081254186 0
-0.5803289641189049 -0.9141781449530663 0
-0.5810529772246738 -0.9241188623994596 0
-0.6565332458716854 -1.008627291095173 0
-0.324284836168428 -0.8835196248797494 0
-0.3046222642563059 -1.089748682999324 0
-0.3295883523799815 -0.917454972567509 0
-0.3303107479840351 -0.9273918150628377 0
-0.4639128755140444 -0.8067794072552511 0
-0.5332861107383362 -0.8626437564580296 0
-0.873914559769203 -1.067510728420514 0
-0.6310588459739295 -1.015469591450809 0
-0.8746458466649552 -1.12989668412483 0
-0.8678033011767085 -1.137176376105715 0
-0.4742198719885885 -1.121744227606669 0
-0.4734976453438708 -1.111806683306529 0
-0.6572036578307248 -1.01849607733194 0
-0.6130786766719414 -1.006792676827097 0
-0.6040966637218291 -1.002442824482857 0
-0.4998327467482655 -0.8090301019569517 0
-0.5893005088399491 -0.9185218895898852 0
-0.5900241792100581 -0.9284633235098741 0
-0.5146270517521621 -0.8440227242766315 0
-0.3329019450655349 -1.082052852112475 0
-0.3418683110521973 -1.086395531938401 0
-0.8656602133927498 -1.189980332315727 0
-0.8627781096520633 -1.180415810259164 0
-0.6758019224497396 -1.03835225488794 0
-0.7954290036196199 -1.226800176831184 0
-0.792545711263702 -1.217234559657162 0
-0.8372123647402561 -1.245508452911549 0
-0.6666868460810272 -1.013005518604546 0
-0.4688637563743355 -1.167086581807977 0
-0.4152811408015383 -1.14101371873945 0
-0.4060923378815565 -1.136686645886002 0
-0.4240643310277085 -1.145370123246591 0
-0.8061119900685145 -1.291924223802769 0
-0.4714297457343481 -1.071527127631803 0
-0.879681058960434 -1.086641007328888 0
-0.8786051492729978 -1.113051435991816 0
-0.8775289960071079 -1.139462369318696 0
-0.8706864047003389 -1.146740838309662 0
-0.3232129940894192 -1.067773484642977 0
-0.4509298440318014 -1.15840144358904 0
-0.8235275337190833 -1.260064874086755 0
-0.8548581261154722 -1.214105179256046 0
-0.8044351672395502 -1.25538746121971 0
-0.6557274354914852 -0.9993659365666231 0
-0.8440546395179759 -1.238229618654971 0
-0.4966934758191733 -0.8353385138566491 0
-0.4694771472489201 -1.051891240662935 0
-0.8803536464286276 -1.148976034127464 0
-0.3977529713892579 -0.9024790092053788 0
-0.5340098661059993 -0.872580956099932 0
-0.5422544451588762 -0.866986358819954 0
-0.3501132552323688 -1.08080280085758 0
-0.4483394830687111 -1.003739792921756 0
-0.4565857022097355 -0.9981446465327984 0
-0.4655542388737834 -1.002488261962419 0
-0.4211374007636839 -1.105622149233001 0
-0.7788235735139981 -0.9918454767098873 0
-0.7719826399422046 -0.9991245430578213 0
-0.4429938943421257 -1.049086152503834 0
-0.7993882236949058 -1.209954826265217 0
-0.789834418597414 -1.207617171696059 0
-0.4400931757203767 -1.009334575100539 0
-0.8494288134669887 -1.106193664577404 0
-0.8551946820409462 -1.125324703762017 0
-0.8609607414482428 -1.144455855047007 0
-0.4253790659070983 -0.9254477384592317 0
-0.4336202827184215 -0.9198540958653402 0
-0.4171340105325443 -0.9310416051031183 0
-0.4081663379330507 -0.9266993541045061 0
-0.4088880429486966 -0.9366367165193483 0
-0.8638451266711415 -1.154018636267086 0
-0.6489943664717509 -1.024169322428628 0
-0.3453543849120253 -0.8963291811333718 0
-0.3535990231585274 -0.8907344212912488 0
-0.8166875202938224 -1.267342363047596 0
-0.467688522490906 -1.032406864049608 0
-0.6046537562545418 -1.014583827577967 0
-0.3791886173881999 -1.123656145854697 0
-0.3702201350881307 -1.119310143758075 0
-0.5796046206489665 -0.9042372782070185 0
-0.5960093063636376 -1.00839714080044 0
-0.4778288070396551 -1.171428849008573 0
-0.7704815098916862 -0.9634790287093207 0
-0.4195983206017038 -0.8459418711218026 0
-0.4278429671361968 -0.840347109547086 0
-0.5609342996358919 -0.8856116115658104 0
-0.3333679455291212 -1.092092473887887 0
-0.3425478982187589 -1.096349188890162 0
-0.3213441095041971 -0.9230490636783589 0
-0.3220664347639842 -0.9329858910413542 0
-0.3310332271577314 -0.9373286274722538 0
-0.3227887828420284 -0.9429228257338594 0
-0.3317556715402913 -0.9472656943360733 0
-0.323511194374006 -0.9528598620120717 0
-0.3145442342772427 -0.9485169586689143 0
-0.3152666202437031 -0.9584539801516784 0
-0.8725027268019343 -1.182700976011198 0
-0.6881294839728446 -1.050476159319044 0
-0.6978489143927127 -1.052761856057506 0
-0.8753856419125106 -1.192266234597276 0
-0.541531002469928 -0.8570479242007791 0
-0.6910792010312286 -1.059740259598544 0
-0.7007389253260639 -1.062270988920829 0
-0.7564897483188819 -0.9773814374555185 0
-0.749648209462058 -0.9849888346722009 0
-0.7525328682299646 -0.9945543982110443 0
-0.485351574121183 -1.155899269773285 0
-0.4846297219268415 -1.145962745335988 0
-0.3860078663442947 -0.8583758818661709 0
-0.3941614800345149 -0.852787621007785 0
-0.7428073595336295 -0.9922685397193997 0
-0.8843652187744591 -1.132176709920119 0
-0.5982721516080176 -0.9228657662205499 0
-0.5989965168786671 -0.9328076746580882 0
-0.416046620507295 -1.150948163000311 0
-0.4248002008441745 -1.155306610973444 0
-0.6579486078466766 -1.028943888946661 0
-0.3999167982616861 -0.932294910062154 0
-0.4006378148362034 -0.9422323619653836 0
-0.5907476079079979 -0.9384059276092437 0
-0.5168000138060759 -0.8738334175259546 0
-0.5211444784131491 -0.9334797590346116 0
-0.4898959175874134 -0.8608067009964036 0
-0.4368109920829546 -0.8446896515391704 0
-0.4360875534399535 -0.8347524112864011 0
-0.3881559796691614 -1.127999422558773 0
-0.563835712823456 -0.925372681808066 0
-0.5699076291078555 -0.8899545716015764 0
-0.3991936757715474 -0.9223563767523972 0
-0.4645303127739987 -1.107463390799159 0
-0.4110310698607285 -0.9664791082555777 0
-0.3224904761495672 -1.057836770668442 0
-0.3142464217547051 -1.063430804155347 0
-0.3135239269901879 -1.053494311224208 0
-0.8465457802712855 -1.096628453072173 0
-0.3780393149064463 -0.9888635127382482 0
-0.3324782998573642 -0.9572028427456267 0
-0.4727754125671552 -1.101869072039173 0
-0.4817427743116128 -1.106212396882669 0
-0.4810205521247061 -1.096274733368153 0
-0.8389739058070288 -1.041525080967137 0
-0.4136147621871494 -1.121154512609235 0
-0.8073066615604986 -1.176264315578115 0
-0.8004640439177626 -1.183543980081541 0
-0.797580930581278 -1.173978239227944 0
-0.7907382974836638 -1.181257960074976 0
-0.7878551841365958 -1.171692165162165 0
-0.781095598847644 -1.178946883320305 0
-0.7782263545212704 -1.169376866276321 0
-0.7849882327536172 -1.162121494730116 0
-0.775074552015214 -1.159892061182484 0
-0.7820630434690564 -1.152568443772544 0
-0.7721397540016423 -1.150341953299394 0
-0.7791642961709649 -1.143007545649807 0
-0.7689154759969916 -1.140879257405679 0
-0.7762217470109931 -1.13346006199184 0
-0.7659658493111066 -1.131334022034758 0
-0.773317689798831 -1.123901238769998 0
-0.7637739237036152 -1.121560717058182 0
-0.7705462832221551 -1.114302694530601 0
-0.7610250625307942 -1.111955619833077 0
-0.7677043128983037 -1.104725863415396 0
-0.7579871251265278 -1.102438068108503 0
-0.764802455921736 -1.095167570180003 0
-0.7550757232590579 -1.092882842580315 0
-0.7619117977371863 -1.085606340208239 0
-0.7521871762044909 -1.083321318842066 0
-0.7453460765311575 -1.090598998220008 0
-0.7424621980040088 -1.081036176385568 0
-0.7358394860643167 -1.088248043197217 0
-0.7327760001669705 -1.078740074137913 0
-0.7514470088198745 -1.110494591529104 0
-0.7259382764983885 -1.085755643018463 0
-0.7395860550412212 -1.071472177748752 0
-0.7298650853635694 -1.06918667174787 0
-0.7590270092084277 -1.076043927293685 0
-0.7577061486618255 -1.128501099380567 0
-0.7614585968384242 -1.148512312571353 0
-0.7683008948303773 -1.167713665895274 0
-0.736700001607171 -1.061911538145042 0
-0.7745216008721357 -1.097454426207211 0
-0.7269810488258651 -1.059625873483838 0
-0.7802597136620539 -1.116591934966568 0
-0.746421475682241 -1.064196959809262 0
-0.7860244749321286 -1.135722667071177 0
-0.7387060039240417 -1.097621070771259 0
-0.403201776247247 -1.096935516102534 0
-0.7918146611890419 -1.154846637127843 0
-0.3625665333714307 -0.8950771163476412 0
-0.3618437791749781 -0.885139741652001 0
-0.79831248487735 -1.236365464297355 0
-0.7839094888182558 -1.188533546285257 0
-0.8825643017857864 -1.096206425885236 0
-0.8894067103754465 -1.088926740849851 0
-0.8864929942449403 -1.079370925154314 0
-0.809803887467375 -1.034665358137841 0
-0.7982718284438082 -0.9964139751581041 0
-0.3407227719834279 -0.9516088535716182 0
-0.719528922203213 -1.004461636623768 0
-0.4393724727049753 -0.9993955079715439 0
-0.4311257143273275 -1.004990540517662 0
-0.4318486844369316 -1.014929310181355 0
-0.516495200419157 -0.9887685995508066 0
-0.613805511636076 -1.016748239902203 0
-0.8696203754877893 -1.17313775655117 0
-0.745692621558527 -1.001833514959669 0
-0.7554170414755889 -1.004117130306357 0
-0.8541180284734056 -1.151730332262812 0
-0.857006397684259 -1.161292793645978 0
-0.4260915791495116 -0.9353921551241716 0
-0.4096061121605247 -0.946575742325663 0
-0.7075685192186254 -1.055047388751341 0
-0.72014246723844 -1.066900205347149 0
-0.8512347254746434 -1.142164284958397 0
-0.5997213725405477 -0.9427484250736536 0
-0.6079694386476677 -0.9371515195436683 0
-0.6086945911990121 -0.9470922871164598 0
-0.8264205779454334 -1.269579768923013 0
-0.8468914761576621 -1.247808432249862 0
-0.328897226328979 -0.9075159162670063 0
-0.3246579640065756 -1.087646659147999 0
-0.4271818286809616 -0.8304054102981452 0
-0.4935554689237224 -1.150245616126953 0
-0.3062997179202169 -0.9541110500934842 0
-0.3070220188418043 -0.9640481411759709 0
-0.315989040775597 -0.9683911380536185 0
-0.3077430727549737 -0.9739872900847746 0
-0.7888933032961174 -1.233987459940062 0
-0.8793451443048836 -1.175421752092999 0
-0.3149689899444921 -1.073367317312117 0
-0.7741827085825285 -1.18646699388096 0
-0.6925494873257599 -1.007606261147275 0
-0.83996345578805 -1.254960109137373 0
-0.3529528714120616 -0.8809100030113713 0
-0.3612185751972655 -0.8750242548210809 0
-0.6501426251467686 -1.034173536326352 0
-0.6418710499878716 -1.030225455485227 0
-0.6587143006826053 -1.038486423119498 0
-0.7775109629731332 -1.196089190832817 0
-0.8084503333187547 -0.9098042970192177 0
-0.3799610227439437 -1.133490397836538 0
-0.3887110049284194 -1.137660879382926 0
-0.597495588292239 -0.9130326296014452 0
-0.6930032945096348 -1.070189799914986 0
-0.7040195196527546 -1.072236348453466 0
-0.3522852549257201 -0.8707397698486107 0
-0.5953813534584785 -1.018250804982126 0
-0.370820166422256 -0.8894713997543895 0
-0.4013505899505045 -0.9521724855354896 0
-0.5429778129505245 -0.8769246546208659 0
-0.5512287135610374 -0.8713286194940763 0
-0.5347342618278004 -0.8825193746522046 0
-0.7687499255916164 -1.078329236101815 0
-0.7338159182362763 -1.052350846711471 0
-0.4648319721986117 -0.992548979730921 0
-0.4558638497213621 -0.9882047637995677 0
-0.4738006791460558 -0.9968932485082715 0
-0.4745057226960326 -1.006806983426519 0
-0.3167114693228802 -0.9783284575095662 0
-0.3084653057236362 -0.9839281367622996 0
-0.4450548716914052 -0.839094861815568 0
-0.4443431176880887 -0.8291745166730637 0
-0.7658669965698279 -1.068766849722505 0
-0.4465028719818186 -0.8589698495432165 0
-0.4113536565412929 -0.8515365945894393 0
-0.4107338904077776 -0.8417359830822708 0
-0.781705572515681 -1.001408658055529 0
-0.4038329389583312 -0.8670694315395442 0
-0.4419627583186043 -1.154058549157486 0
-0.4427804424153184 -1.163799051818199 0
-0.451684887113838 -1.168272053584066 0
-0.8411719313958932 -1.228664476126148 0
-0.8506829099366569 -1.230748692711128 0
-0.8530523280534187 -1.178131780346352 0
-0.4749416089458994 -1.131682057540085 0
-0.4842528653703553 -1.125815213995745 0
-0.8033472746306021 -1.193109663608098 0
-0.4432965950990552 -0.9341513920958877 0
-0.4515377208144205 -0.9285582769713809 0
-0.4605071852613306 -0.932902422982902 0
-0.4597848922693276 -0.922961601150307 0
-0.4687564071809822 -0.9273042723846402 0
-0.4508174253803425 -0.9186152715081419 0
-0.4590630559762906 -0.9130199791274386 0
-0.4411487412273116 -0.9043176209014301 0
-0.7748658978126232 -1.008687377800735 0
-0.8397037709304522 -1.103904236607051 0
-0.8368211024176748 -1.09434065018163 0
-0.8425860883164896 -1.113468266729483 0
-0.5951458560795567 -0.9981515053908319 0
-0.5859013385528442 -1.005028395401113 0
-0.7359911557122021 -0.9995719560218421 0
-0.8764522872058774 -1.165860494605511 0
-0.3337738371086504 -1.102142741430261 0
-0.3432407933017577 -1.106244844308983 0
-0.351538839438698 -1.100677003559728 0
-0.3522754865778283 -1.110610806473507 0
-0.4694229695163857 -1.176744371591455 0
-0.6166393264982442 -0.9415174673027878 0
-0.617617282630608 -0.9514394374878395 0
-0.3133856483585085 -0.9286223251864139 0
-0.3127696617584175 -0.9187391226623679 0
-0.2994182484675124 -0.9697344479350735 0
-0.5685679619857487 -0.8802637156174027 0
-0.7833812491224436 -1.215309706726027 0
-0.3059748552679702 -0.9441450378307522 0
-0.305502703124737 -1.05907204605439 0
-0.3049562309746434 -1.049122721948375 0
-0.3128678230302461 -1.043552877869637 0
-0.3040397774303494 -1.039200159542686 0
-0.3121239533338278 -1.033617669007131 0
-0.3032812896694097 -1.029265929819623 0
-0.3113918086883464 -1.023681438252727 0
-0.302423657800166 -1.019338757685785 0
-0.3106454078005009 -1.013746096687253 0
-0.3017304885310392 -1.009399483993427 0
-0.3099237209249591 -1.00380884007063 0
-0.3010129243362544 -0.9994618763974683 0
-0.3188787660313664 -1.008152620333907 0
-0.6738760406587786 -1.028113198361071 0
-0.6800733013659364 -1.02170068383833 0
-0.2940679924075125 -1.024616413471108 0
-0.7916612002580777 -1.243587699498772 0
-0.6268664546932361 -0.9444576671857443 0
-0.6259517202655891 -0.9553324128853815 0
-0.8192595024597138 -1.276543330830792 0
-0.8098002771673463 -1.274558606428173 0
-0.8504198933223087 -1.256395581045356 0
-0.6501792287413186 -1.043851789549205 0
-0.4928740226052785 -1.140368884828321 0
-0.3440350844725693 -1.116205321869824 0
-0.3532309564157921 -1.120084343463012 0
-0.3806332952972138 -1.143531387244316 0
-0.4165046366470679 -1.160904974157068 0
-0.6157928435129147 -0.9320034814957771 0
-0.4779377220424932 -1.183178408643688 0
-0.4866291305374512 -1.175985857669921 0
-0.4875105345144143 -1.185699412528548 0
-0.6812893866849254 -1.057750569975977 0
-0.7394816424811264 -0.9819200120576325 0
-0.6079473561785164 -0.9175365886035856 0
-0.6064075311967861 -0.9076691334212608 0
-0.2952699944797954 -1.045058245577507 0
-0.8864902026228076 -1.167838814492177 0
-0.8960932105882291 -1.08101947689814 0
-0.4903396217343859 -1.100637733111748 0
-0.4897551620659539 -1.090785657055323 0
-0.4805140385418524 -1.08610308964548 0
-0.4910127118036546 -1.110516424611588 0
-0.4947098358189042 -1.159937015833006 0
-0.3603653805206842 -0.8646845529138807 0
-0.4263424176612454 -1.165559622845173 0
-0.4288407445735489 -1.174537802439171 0
-0.8922899783680871 -1.098492395295936 0
-0.4440461484123052 -1.174125399158139 0
-0.4075380287592582 -1.156731346114287 0
-0.8890704930584604 -1.177707373233398 0
-0.8933944673828589 -1.159448717905141 0
-0.713195384826243 -1.101973860706551 0
-0.7235916501021702 -1.101744660514295 0
-0.7296709915252149 -1.110132895459157 0
-0.7059665390988936 -1.094208894025661 0
-0.7076722780787055 -1.083125137767162 0
-0.3851211272801642 -0.8482132458320365 0
-0.3769946514787469 -0.853742646784985 0
-0.3932674567825064 -0.8425469697958552 0
-0.5018406983945111 -1.144711846261491 0
-0.4953029130027576 -1.129609495739357 0
-0.4893648666907877 -1.080532356319395 0
-0.7170221268533349 -1.092370675546547 0
-0.7253672638648562 -1.119130580933783 0
-0.735470530645417 -1.119166463613005 0
-0.7403656103260707 -1.128858771659712 0
-0.740316163840337 -1.108514029940691 0
-0.7454983945697646 -1.119584683559734 0
-0.7678751891901483 -1.194888129730017 0
-0.6902351363928553 -1.079890224615482 0
-0.6827092581110747 -1.073936769367303 0
-0.812340804775007 -1.283760090247143 0
-0.803589147570666 -1.282944774436517 0
-0.6649237466606746 -1.062389132509429 0
-0.6643210417004221 -1.052599787131254 0
-0.3906037602054203 -1.147356402085409 0
-0.3934292767123087 -1.155608670274266 0
-0.3995554190325016 -1.1509595792789 0
-0.3513496838343168 -0.8599735744873898 0
-0.3926001552844173 -0.8325526222929887 0
-0.7164994839922285 -0.9948187463356055 0
-0.7440337234418957 -1.155564020945472 0
-0.749839667448094 -1.147385855421394 0
-0.7543175833094474 -1.156652144808638 0
-0.7451431873179175 -1.138305788254265 0
-0.7568225787608251 -1.137927610134283 0
-0.758313974834967 -1.166331531519991 0
-0.2980094150505463 -0.948322142527689 0
-0.5780165553765076 -0.8829656821674788 0
-0.4925935887520152 -1.025469125749869 0
-0.483775056965162 -1.02102983596914 0
-0.4845153473536373 -1.031325025328654 0
-0.4855100982184615 -1.04128386783165 0
-0.6283903715619862 -1.043711248948315 0
-0.7518398829449362 -1.174575159365149 0
-0.7615549706484124 -1.175774027170761 0
-0.6765426128726837 -0.9877444802916937 0
-0.6723959702860259 -0.9975490037452676 0
-0.6661835819766529 -0.9889484268819499 0
-0.6819941598679437 -1.004883145209665 0
-0.6697180970132709 -0.9799981202408784 0
-0.6597455377371457 -0.9815268927978447 0
-0.6533758268141918 -0.9741387967784829 0
-0.6502862416332975 -0.9832185014176069 0
-0.6439634319039131 -0.9755394035066696 0
-0.6470636863870519 -0.966425146191074 0
-0.6375943478229642 -0.9682645367285472 0
-0.6342094275051315 -0.9780781998145656 0
-0.6290937564660946 -0.969874776332711 0
-0.7353074191824637 -1.13726039691825 0
-0.6189993777540242 -1.039645788297627 0
-0.6271018486660197 -1.033803260611016 0
-0.6175339351977138 -1.029693450897057 0
-0.6083114887073414 -1.025812128428587 0
-0.4987255872102676 -1.085196184677294 0
-0.4893206120002259 -1.070480475190446 0
-0.4805143721300824 -1.075928511696659 0
-0.4801468536743353 -1.066135345742204 0
-0.7294685386494055 -0.9790334766522942 0
-0.7462160280525543 -0.9741767965034552 0
-0.753906040358444 -0.9682305792311121 0
-0.7435702785159902 -0.9634795604062688 0
-0.4705002310293065 -1.061701469535258 0
-0.4789206375621908 -1.056575484974972 0
-0.7996311547320439 -1.272755483783574 0
-0.7924140256043399 -1.266856349166672 0
-0.6006053969090974 -1.032327342591555 0
-0.3688439296067649 -0.85896644295618 0
-0.3677785964252235 -0.8487151677927619 0
-0.4948409285694368 -1.04560265181048 0
-0.5913141364112293 -1.027920978846089 0
-0.6410943044093198 -0.9588003042937326 0
-0.3695474556423626 -0.8693134918543515 0
-0.7649342259716786 -1.158240611546189 0
-0.4016696813503303 -0.8373298774244986 0
-0.623082529114755 -1.021389753198112 0
-0.6376649394005193 -0.9418059446918972 0
-0.3916593231641698 -0.9378963570897505 0
-0.410319223818664 -0.9565264718853252 0
-0.5600116854955058 -0.8759006875215937 0
-0.5437044467339421 -0.8868637623742015 0
-0.5354599504166808 -0.8924589334009472 0
-0.5721111305427917 -1.02110912939891 0
-0.5806161239905553 -1.014902384330557 0
-0.5704251585625871 -1.01188632355771 0
-0.4827279962476098 -1.001176474529118 0
-0.482038972512144 -0.9912840764442903 0
-0.7650103829867285 -1.212455344384909 0
-0.7711775078309056 -1.20432584276879 0
-0.3612871553225476 -1.114885219208747 0
-0.3092015476963204 -0.9938694847447549 0
-0.3003729805092686 -0.9895175344219949 0
-0.292190897782687 -0.9943570642396736 0
-0.3000435723266839 -0.9795691498993834 0
-0.4860724464212178 -1.165835845207195 0
-0.4950274272606183 -1.170182196136176 0
-0.5045736247215582 -1.173042632171538 0
-0.4641115287877341 -0.9826089987072891 0
-0.4551422993540862 -0.9782640790252968 0
-0.7755912610801592 -1.071052335781857 0
-0.7784731264386614 -1.080616161038984 0
-0.7881988514105394 -1.082903161550106 0
-0.6093899183341064 -0.957037165778454 0
-0.7824369916978398 -1.063774890307335 0
-0.6467059681981908 -0.9928158232679134 0
-0.7485827150403992 -1.011397707039254 0
-0.4533019695727316 -0.8335031258351928 0
-0.4525896237299559 -0.8235834892848528 0
-0.6893047896978756 -1.024070982891826 0
-0.6862465323623642 -1.014695787925568 0
-0.7845911457219749 -1.010971568504204 0
-0.6643814041334088 -1.003528285290386 0
-0.5914750575066176 -0.9483450650933736 0
-0.5825024965724228 -0.944001770662166 0
-0.5444344393157207 -0.8968025437475653 0
-0.7651418947254701 -1.006401876762064 0
-0.5053683514807689 -0.9546212594602658 0
-0.504644481110598 -0.9446780135604398 0
-0.5128940045238579 -0.9390791034467549 0
-0.5039210466068911 -0.9347347054065006 0
-0.4956724349555774 -0.9403335801473844 0
-0.4949489418160072 -0.9303911212480762 0
-0.4867008715627477 -0.935989935537048 0
-0.485976882710949 -0.9260486464152798 0
-0.4942238261238784 -0.9204509186869152 0
-0.4852552264024433 -0.9161056183154483 0
-0.5121709759929705 -0.9291344995764357 0
-0.4935080016786562 -0.9105049832386501 0
-0.4770059870039886 -0.9217054776914468 0
-0.4762868588890871 -0.9117612806757192 0
-0.4680348421698276 -0.9173625201437661 0
-0.4673118516992903 -0.9074225098330443 0
-0.4665997266029775 -0.8974773212667702 0
-0.4777270506315295 -0.9316475489339426 0
-0.4784520209245915 -0.9415887980394645 0
-0.4615468997183367 -0.8279098554763731 0
-0.4606729209737763 -0.8163593656830284 0
-0.4697860633298372 -0.822311432030009 0
-0.4513204328581272 -0.815177060239191 0
-0.5885152727259035 -0.9087070204556192 0
-0.5890267463801431 -0.8974444854226525 0
-0.5519236043292564 -0.8813061369167988 0
-0.5592142286393176 -0.8659785380755244 0
-0.5502706861481748 -0.8618183411722945 0
-0.550952635700943 -0.8515907501114819 0
-0.5412362069936284 -0.8474779275465112 0
-0.5488974189583262 -0.8420538488905543 0
-0.756143599451752 -1.066482145829848 0
-0.7629844365615062 -1.059203824378072 0
-0.7680276206412179 -1.015965459142707 0
-0.4382571330521405 -0.864564927545506 0
-0.5563152211795521 -0.9409146671330977 0
-0.7885471232294231 -0.9941294260532327 0
-0.5031985858283359 -0.9247896027146394 0
-0.4902998975075899 -0.9856967019944003 0
-0.396920322804967 -1.132037970446823 0
-0.8331082650798589 -1.262208666863085 0
-0.8363440723510474 -1.272222894672516 0
-0.4023823234367067 -0.8471781455943168 0
-0.3174345660162231 -0.9882727726630338 0
-0.6072455742814268 -0.927209586421393 0
-0.5218685356749616 -0.9434233436804111 0
-0.4544269525416406 -0.9683221850812715 0
-0.3414455811398785 -0.9615459648066897 0
-0.3496905377989678 -0.9559514958003317 0
-0.3332006435178371 -0.9671403858368885 0
-0.5473411882531538 -0.93657026712722 0
-0.7328758329530467 -0.9895359486142279 0
-0.5787851387624325 -0.8938856134391902 0
-0.5092845622377743 -0.8893704874408987 0
-0.5175289529896424 -0.8837734345295716 0
-0.5003144890290748 -0.8850273714314663 0
-0.4995888288756191 -0.8750872927690919 0
-0.4906204373162432 -0.8707447850263188 0
-0.4705133389035703 -0.8322491318130112 0
-0.4787583520310273 -0.8266548151793219 0
-0.4780137440611856 -0.815462285776332 0
-0.4869617627478584 -0.8213259508685988 0
-0.4877194354952044 -0.8310406283453269 0
-0.4958780276630513 -0.8256294384951329 0
-0.5048820869672828 -0.8298659980885886 0
-0.5045804419231629 -0.8191837026871759 0
-0.4540249241181019 -0.8434379772791418 0
-0.8436628597610107 -1.087063086264858 0
-0.8339382301081271 -1.084777340625427 0
-0.8270964834196346 -1.092051077058095 0
-0.8407796383720825 -1.077498771824161 0
-0.8310551065578907 -1.075211266032734 0
-0.8378968733802836 -1.067933820224517 0
-0.8281718835075007 -1.065645130353942 0
-0.8350139302472323 -1.058369391636053 0
-0.8252892501735786 -1.056081016763878 0
-0.8321310802538183 -1.048805560962413 0
-0.8224073734201809 -1.046517474768002 0
-0.8292494015013733 -1.039239700385952 0
-0.4662369487674377 -1.012369020701601 0
-0.7232161775077077 -1.076361990157734 0
-0.8159128428266286 -0.9650126162404047 0
-0.8256372325882548 -0.9672975468997094 0
-0.8130294508384719 -0.9554489935486979 0
-0.82852036745774 -0.9768622759818804 0
-0.8353619092897491 -0.9695817955452807 0
-0.8382450729802566 -0.9791472271593019 0
-0.8324786346704864 -0.9600169601030072 0
-0.8450865976106985 -0.971866612644108 0
-0.8479697838191056 -0.9814322209246258 0
-0.8548110668925328 -0.974152830593076 0
-0.8576944882277128 -0.9837175512190397 0
-0.8033056884157567 -0.9531643006451561 0
-0.8101458885219359 -0.9458863710863757 0
-0.8004238527170312 -0.9436017864230696 0
-0.8072623917431461 -0.9363250885362984 0
-0.8169838703655788 -0.9386079635965614 0
-0.7975418466460884 -0.9340404792928774 0
-0.7907025592586363 -0.9413175110566301 0
-0.8411283036649501 -0.9887115091377346 0
-0.8516810941466663 -0.9646595768793491 0
-0.804374259075268 -0.9267857992878864 0
-0.7880096570542148 -0.9319336273569618 0
-0.7811992982362692 -0.9392370209006748 0
-0.8619120227211144 -0.9660856120948222 0
-0.8140103958759385 -0.9294267419337745 0
-0.8237103940899583 -0.9318004499057473 0
-0.8266892300547695 -0.9409680348826225 0
-0.8328675729828908 -0.9339959200825972 0
-0.8357560013931122 -0.9434169030789988 0
-0.8109181071642866 -0.9198676604344721 0
-0.7946009816752816 -0.924973097174715 0
-0.7841871195849428 -0.9228565435088546 0
-0.8294779217043153 -0.9505058322190847 0
-0.839187028160236 -0.952783020191645 0
-0.8457601067091465 -0.9441575806404348 0
-0.8487755417388436 -0.9549299775477984 0
-0.8570617993605482 -0.9478311515839422 0
-0.7964645967406263 -0.9604430518093416 0
-0.7935831595224575 -0.9508797624134685 0
-0.7622600589001971 -0.9968408305146632 0
-0.5204222874225127 -0.9235360354091547 0
-0.4823765503675524 -0.8763410686447743 0
-0.4734079239076912 -0.8719982607346586 0
-0.472684689380945 -0.8620601360689255 0
-0.4638080623902939 -1.097525641148941 0
-0.4555629373577642 -1.103120071379396 0
-0.3586580438163246 -0.9602973774387107 0
-0.3207639927854487 -0.913174635107316 0
-0.4031122509072248 -0.8571295742670998 0
-0.4120766470559396 -0.861474226213109 0
-0.4127991292979422 -0.8714123365018098 0
-0.4606204273018129 -1.172680437675119 0
-0.4616697357000549 -1.18214627085632 0
-0.3870079488663026 -0.9932074674737281 0
-0.3787618429792069 -0.9988026528978751 0
-0.3794844177401328 -1.008741406245612 0
-0.3705160239919622 -1.004397621881124 0
-0.3712385557779455 -1.014336013409045 0
-0.3802067857701238 -1.018679851273186 0
-0.3719610094577344 -1.024274432201361 0
-0.3629928992471057 -1.019930926210311 0
-0.363715521123073 -1.029868523811817 0
-0.3726830669978691 -1.03421249699372 0
-0.3697934526171309 -0.9944587154516356 0
-0.3615476992001155 -1.000053053670929 0
-0.4074432559598573 -0.9167607331993054 0
-0.398474707189944 -0.9124174808182746 0
-0.3902295706437633 -0.9180126637878093 0
-0.3895069460339529 -0.9080743542642802 0
-0.381246352145448 -0.9136820553663361 0
-0.380524282578512 -0.9037434843000813 0
-0.3887840361976353 -0.8981363497117496 0
-0.3798103617668497 -0.8937957934019355 0
-0.390934461363815 -0.9279568945395421 0
-0.4339822436004913 -1.159474874816766 0
-0.8418562443856128 -1.051089559433071 0
-0.4330537305909668 -1.149684954591809 0
-0.3564898588654697 -0.930484874209222 0
-0.3482446783832893 -0.9360785736456196 0
-0.8476220308085372 -1.070219145452389 0
-0.3475222645063879 -0.926141370868528 0
-0.3239355117006639 -1.077710215496427 0
-0.3156912461981177 -1.083303603973021 0
-0.30658111383487 -1.078843961228386 0
-0.3152144844053855 -1.093762800570649 0
-0.3243982529948173 -1.098161524848038 0
-0.3256665874377552 -1.108034236448351 0
-0.4353644868377206 -0.8248152311569589 0
-0.4264307263762477 -0.8210516296387131 0
-0.3371152978124391 -0.9019234299400347 0
-0.3366542689002688 -0.8923792090977899 0
-0.3447654790473381 -0.8865891082153599 0
-0.3347879017776516 -0.8826677731351646 0
-0.4357678525589961 -0.9496916532229954 0
-0.4268073814466294 -0.9453360842058185 0
-0.8080379016328927 -1.238650917913471 0
-0.8533880534506528 -1.089348996428193 0
-0.3292894640380432 -1.032368507671313 0
-0.4666967770986589 -1.137276115527776 0
-0.4633964082043167 -0.9726674434099605 0
-0.4296849542697632 -0.9851097478140947 0
-0.4386533892605153 -0.9894543188256337 0
-0.3680539181204801 -1.089499931939003 0
-0.3673315631699797 -1.079562753792416 0
-0.3755763009710485 -1.073968405141258 0
-0.366608928144979 -1.06962536779033 0
-0.3748536313524828 -1.064030914537198 0
-0.365885107309036 -1.059686158525953 0
-0.3741307323678049 -1.054093082313154 0
-0.3838211140744428 -1.06837384635739 0
-0.3590868538131966 -1.085157404974211 0
-0.3576392172718138 -1.065278406173987 0
-0.3651629221867783 -1.049749426050404 0
-0.3734082794755595 -1.044155782968615 0
-0.4971189260740846 -0.9602198712438941 0
-0.4963959993989566 -0.9502763022825538 0
-0.4457798466746601 -0.8490322753880531 0
-0.4791746722803939 -0.9515306648677309 0
-0.3060024367747058 -1.069024621111687 0
-0.4131915374407991 -0.99630017848924 0
-0.7435370353439316 -1.054635610162165 0
-0.5235942581462406 -0.8483643291891061 0
-0.5227753051411282 -0.8386247911932803 0
-0.5320322939346082 -0.8434046589533711 0
-0.7889162045955198 -1.145285588637172 0
-0.7957678716031309 -1.138003864976171 0
-0.7928864106480011 -1.128438267064654 0
-0.3139358954734829 -0.9385716322886304 0
-0.3041954032775345 -0.9331101458179338 0
-0.3421673737215383 -0.9714871029807881 0
-0.843325367357863 -1.175845536587253 0
-0.5466162052306398 -0.9266275111701758 0
-0.3271221533107542 -1.002556228816158 0
-0.4190692070684199 -0.8361760946395902 0
-0.7831195418025505 -1.12616418133263 0
-0.7899963350115344 -1.118875447589487 0
-0.7871192114379826 -1.109308716067401 0
-0.3920664925704384 -1.062778054562519 0
-0.4153583941306439 -1.026117151974748 0
-0.3884531470181588 -1.01308531737148 0
-0.3809293419171964 -1.028618310199937 0
-0.3898975184882144 -1.032962686132515 0
-0.390621021088366 -1.042901324783704 0
-0.3816511672394908 -1.038556974680638 0
-0.7046851501157683 -1.045485576295165 0
-0.7947004677925507 -1.16441163046627 0
-0.8015403212324725 -1.15713267715688 0
-0.2968471739698315 -0.9589725619605994 0
-0.7856652201978044 -0.9845660631864128 0
-0.4405175705902793 -1.134183949062954 0
-0.7986539001537545 -1.147568539758389 0
-0.8227340439185676 -0.9577420478302315 0
-0.4389801735532205 -0.874502854876547 0
-0.4027789012824695 -0.9720770187981436 0
-0.4020598915798232 -0.9621304207013657 0
-0.3930983721500282 -0.9577566883952513 0
-0.4472258326846304 -0.86890778378758 0
-0.3848523582627634 -0.9633610149408727 0
-0.3256777745172711 -0.9826762715777171 0
-0.4139135498856657 -1.006239869918294 0
-0.7773985492895302 -1.107020869389389 0
-0.7842401736445507 -1.099741581149154 0
-0.4684419787633656 -1.042241080701573 0
-0.416080877733253 -1.036055318853358 0
-0.4250488148679304 -1.040399309693016 0
-0.4257710150324187 -1.050337580789519 0
-0.4243264966877967 -1.030461210804281 0
-0.4375342886030545 -0.8546272325673839 0
-0.8685432703964693 -1.199545745458813 0
-0.877934290164796 -1.201517269033025 0
-0.8710362727442292 -1.208744487864264 0
-0.8851109635242993 -1.194552092833148 0
-0.8876160068611145 -1.205253678036609 0
-0.83140361580387 -0.9864264229127222 0
-0.8342859546426946 -0.9959902833860351 0
-0.411447117597052 -1.091340910734611 0
-0.412169678225102 -1.101278902596365 0
-0.3307346550121079 -1.052242506434966 0
-0.7493045855986902 -1.073758784318197 0
-0.4175254376382143 -1.055932023462791 0
-0.4694792167480915 -0.9372455589617523 0
-0.852311666403526 -1.115758346640575 0
-0.8825086833441068 -1.185075408597988 0
-0.8393666506119368 -1.192687975038687 0
-0.4264932785756924 -1.06027564717588 0
-0.406721391711306 -0.9068220182323466 0
-0.4135214307308088 -0.8813503924831014 0
-0.8580776289638226 -1.134889365813199 0
-0.848351688639716 -1.132598573955505 0
-0.845468761432847 -1.123032300542209 0
-0.3710018259334279 -1.129129451823249 0
-0.3620283372424238 -1.124792609186562 0
-0.3637533266707911 -1.135228494964301 0
-0.35373136006527 -1.130501666858366 0
-0.4204150096321283 -1.095684283320214 0
-0.4128922511281176 -1.111216694395058 0
-0.4039243090400839 -1.106873473840062 0
-0.850852959123954 -0.990996618399509 0
-0.8605779121274152 -0.9932820191185276 0
-0.8671898000016325 -0.9860718482607546 0
-0.8702137468449478 -0.9955940882477399 0
-0.8634457923932315 -1.002851014427382 0
-0.873118027159325 -1.005152403263089 0
-0.8763233652481898 -0.9873952877123183 0
-0.8663296434099439 -1.01241510658263 0
-0.8760558364457834 -1.014700685246602 0
-0.8842675334058061 -1.006107193525011 0
-0.8877407069091408 -1.017217724799568 0
-0.8791905845934289 -1.024326983128708 0
-0.3525795312078661 -0.9957087602806877 0
-0.3927891590400354 -1.072716347246504 0
-0.4182477502148916 -1.065870196197992 0
-0.4354609392108915 -1.064619238333543 0
-0.3690711382007561 -0.9845193120627178 0
-0.4218599329091188 -1.115559970654557 0
-0.8044240269749348 -1.166698483042456 0
-0.4548407069157497 -1.093182103923203 0
-0.8364834294502634 -1.183122836045465 0
-0.4053354060579668 -1.126697969778053 0
-0.2934891696311274 -1.014698478840101 0
-0.3963617950558769 -1.122346027956122 0
-0.370175202377458 -0.879421257864029 0
-0.4045533747996384 -0.8770074548627544 0
-0.861635805150375 -1.206764296672774 0
-0.8645081969880943 -1.21631958358767 0
-0.8743096649391945 -1.218676507908333 0
-0.8664180535805082 -1.226324558729622 0
-0.8672180699633056 -1.23455638374003 0
-0.8573027970079847 -1.223484961023653 0
-0.8159560205977232 -1.204961292339887 0
-0.8375577420100886 -1.156712423804366 0
-0.8537325847312898 -1.000561587896688 0
-0.8130729259263513 -1.195395635143286 0
-0.436183199330646 -1.074557145777928 0
-0.3949563409060277 -1.102529809814094 0
-0.8479062644374533 -1.221320364906063 0
-0.8462092070732067 -1.185408465113215 0
-0.483234366923502 -1.115962357717748 0
-0.4562852564047092 -1.113057704038539 0
-0.4599024266999779 -1.162733000953996 0
-0.8303577810259084 -1.252775629642452 0
-0.8141493824920094 -1.168984761007985 0
-0.4046345531133189 -1.116792707206126 0
-0.8868659849530611 -1.141774113506791 0
-0.7936238371425621 -1.190822987704738 0
-0.7241009220878432 -1.050063867843308 0
-0.4720892279595799 -1.091892106455346 0
-0.328390862855599 -0.8980985866081144 0
-0.8814872880185392 -1.122616008227206 0
-0.8882293545510545 -1.115156621229065 0
-0.4715705041461857 -1.081841674682998 0
-0.3845438529231828 -1.078311343666295 0
-0.8317932234566918 -1.137581034372235 0
-0.7770672429290504 -0.9559265375688489 0
-0.7678279070684165 -0.9549226139603088 0
-0.7744910538078257 -0.9467805918021617 0
-0.4422636094895439 -1.039148830565008 0
-0.4444358786132829 -1.068962106868263 0
-0.8260260003583499 -1.118451405410432 0
-0.5706170498753501 -0.8998256889485262 0
-0.4473178106442964 -1.108714421243319 0
-0.8692618686006321 -1.02198761083346 0
-0.8721552504382517 -1.031552818772805 0
-0.8818172300138145 -1.033846103583486 0
-0.8623832614014542 -1.029252676361651 0
-0.8749958765227258 -1.041108043926046 0
-0.8844468666119402 -1.043476601906753 0
-0.8912799836041061 -1.037529780817267 0
-0.8778310545895884 -1.05068414312619 0
-0.8873268602913469 -1.053040175986619 0
-0.8083826901067429 -1.14985390586465 0
-0.8988177157370503 -1.090210191975574 0
-0.8951109466468694 -1.107831118894206 0
-0.786064594222407 -1.224635765585273 0
-0.7802288809322181 -1.232454990320996 0
-0.4756632903040598 -1.14161968125527 0
-0.7874760970531136 -1.020533946077788 0
-0.7968484200622721 -1.111594464315695 0
-0.363289250673288 -0.9050144746286332 0
-0.8757219574823397 -1.103485982730647 0
-0.8360916662531253 -1.031960303949212 0
-0.8026156241085023 -1.130723834113304 0
-0.3826767975593824 -0.9335692122799406 0
-0.4437264541775268 -1.059023303119851 0
-0.8058451394294975 -1.051505225425051 0
-0.4730787691902631 -0.9869540220667256 0
-0.8641952099175136 -0.9764804651701895 0
-0.4412498302854908 -1.144116196630523 0
-0.748146350250166 -1.10042493352498 0
-0.324233615262939 -0.962797064890006 0
-0.8767925693059203 -1.077077935946137 0
-0.8012871503568914 -1.245902809848645 0
-0.7955637221215994 -1.252724328896908 0
-0.4465954816002358 -1.098776551934853 0
-0.8420951342694467 -0.9623063238185312 0
-0.3830985205358437 -1.058435924928024 0
-0.8314470682342208 -1.226378471757422 0
-0.8011554167809143 -1.005977143932845 0
-0.795389029695826 -0.9868502141497613 0
-0.4408166255628417 -1.019272875241345 0
-0.432180820158445 -0.8999747187965876 0
-0.4669780327714244 -1.022358427212791 0
-0.8091136856906506 -1.212240870894536 0
-0.8274440125924292 -1.003268869610433 0
-0.5326662895130071 -0.8528733263239769 0
-0.4322900537783734 -1.139771897360601 0
-0.8166447623035347 -1.027388083519522 0
-0.87102513572566 -1.057949626304465 0
-0.8216790101413932 -0.9841412381570943 0
-0.371536725540845 -0.8994172865156116 0
-0.787058747328123 -1.198087419177712 0
-0.853145427285785 -1.240136615889239 0
-0.771635263100349 -1.08789202159249 0
-0.8929897055298829 -1.124574396203797 0
-0.4612309980445685 -0.942843027399374 0
-0.8062305388423472 -1.20267527728951 0
-0.8116091200553642 -1.070631624823705 0
-0.8854475127417625 -1.105771831166589 0
-0.8029633820420274 -1.041942726249575 0
-0.4347436751378499 -1.054680894825454 0
-0.3217789939299763 -1.047899269147771 0
-0.3791249951452706 -0.8838114855946034 0
-0.7806366414912389 -1.027811743135405 0
-0.7965805067059923 -1.200377890956889 0
-0.3249557718468793 -0.972735527222057 0
-0.4809282262568993 -0.8564647969752746 0
-0.7914312102010201 -1.003692641424373 0
-0.3823756026924934 -1.048497151967914 0
-0.3622706655174622 -1.009991968454295 0
-0.3547464719770869 -1.025522566431402 0
-0.3533021636398062 -1.005647166581878 0
-0.3554700265109896 -1.03546172812761 0
-0.678611553023462 -1.048176268389065 0
-0.4340192304286309 -1.044743085362658 0
-0.3508343997164931 -1.090738298308392 0
-0.3644405785898389 -1.039810182888886 0
-0.3583637930781134 -1.075218250188427 0
-0.8382715372239723 -1.219088177000427 0
-0.8807037508146062 -1.060251058810449 0
-0.8901992609215922 -1.062612269072941 0
-0.4329017438147859 -0.9099124162386456 0
-0.4839076035295495 -1.136026323595935 0
-0.3392773048565044 -0.9317346815345532 0
-0.3493918040422902 -1.070867524360007 0
-0.513838327495024 -0.8342223833631366 0
-0.5228792790488486 -0.8294263824071506 0
-0.8652745028675646 -1.038820358478024 0
-0.564561131530286 -0.9353145243977786 0
-0.3598015839565465 -1.095088896822605 0
-0.3210657501858988 -1.03796177321587 0
-0.3569146809269494 -1.055337416200177 0
-0.8195267347597993 -1.03695109465496 0
-0.5405391305849209 -0.962055076224409 0
-0.4332949822981372 -1.034805215019974 0
-0.5548634157686316 -0.9210291576889337 0
-0.7115211491519259 -1.038211266393376 0
-0.3400001231068089 -0.9416720129969747 0
-0.8371683927359312 -1.005553924482261 0
-0.4816522908027907 -0.866402624741059 0
-0.7309553493984785 -1.042784400137492 0
-0.7406744322377091 -1.045070421539313 0
-0.3695021876418244 -1.109359205441831 0
-0.5817777420021393 -0.9340600041426133 0
-0.7910833475352648 -1.09246586364734 0
-0.8440101254966399 -0.9982755674358034 0
-0.3203346473977103 -1.028025609385116 0
-0.8242145682609574 -1.082489964146012 0
-0.3579356964735572 -0.9503592597603241 0
-0.8198504808956472 -0.9481866731300881 0
-0.3196104588040817 -1.018088507337092 0
-0.4874236975699874 -0.945932409952045 0
-0.8126852100148845 -1.04422880871971 0
-0.4325719371133442 -1.024867549290481 0
-0.8566155946910886 -1.010125371469447 0
-0.7795574804667735 -1.054212333551565 0
-0.3278465608361922 -1.012493747891261 0
-0.4221590547537158 -1.000645565630325 0
-0.8072876382351133 -1.264992824649603 0
-0.7839640004928163 -0.9487165103862756 0
-0.771221034236912 -0.936515694726836 0
-0.3489676990658959 -0.9460155048659966 0
-0.5056606833121821 -0.8396822573411337 0
-0.7532608608015481 -1.056921324852766 0
-0.5555888124642865 -0.9309714682208786 0
-0.3181583250232899 -0.9982136079924826 0
-0.6033754649871332 -0.9925012736389041 0
-0.5764415614580263 -0.9794474994496054 0
-0.5771643187075072 -0.9893989392334803 0
-0.5681836425205984 -0.9850481713862528 0
-0.5687074950355104 -0.9947109131490679 0
-0.5598902162619079 -0.9906029990241213 0
-0.5603053161615165 -1.000064633404889 0
-0.5513642328201414 -0.9958589176321158 0
-0.5508848883259023 -0.9862250314835364 0
-0.5424578927641711 -0.9916206108990565 0
-0.5419193608380206 -0.9818854532736176 0
-0.533635756550763 -0.9874368431507825 0
-0.5502108639289324 -0.9763253499325142 0
-0.5322879840785395 -0.9676533378716335 0
-0.6221124502020066 -1.01118856330909 0
-0.7601138625481518 -1.049641387570819 0
-0.5674634075064677 -0.9750994112283622 0
-0.4304055869615744 -0.9950501536277745 0
-0.7727082901259678 -1.06149090135298 0
-0.4236037264468079 -1.020523540593859 0
-0.6402271410889312 -1.019871224421644 0
-0.7223330241513409 -1.014092084264731 0
-0.4988630573492762 -0.8651482416938676 0
-0.5157835308181503 -0.9788461538827926 0
-0.4228812219428862 -1.010585026091019 0
-0.7777518465504312 -1.018249646719331 0
-0.7291732604379422 -1.006837768849654 0
-0.7813587271669167 -1.090178869197547 0
-0.4476185881827349 -0.9938005097962841 0
-0.4576380872399355 -0.8931261756533198 0
-0.5078312713946925 -0.8694916316624794 0
-0.883547968670398 -1.069826407956564 0
-0.761191144568604 -1.023242531977288 0
-0.5944012781781278 -0.9881537796503495 0
-0.446175751055099 -0.9739182149837348 0
-0.7583048960572896 -1.01368065830862 0
-0.5728069916691384 -0.9297162356217791 0
-0.5085569410721578 -0.879430804416734 0
-0.5114500703188383 -0.9191922715565148 0
-0.6239264864150612 -0.9264216270294484 0
-0.4468977076573548 -0.983859253448917 0
-0.8155664083220026 -1.053791997081734 0
-0.5004564729608332 -1.104879231533216 0
-0.8184490167933531 -1.063355743004856 0
-0.5591862732908485 -0.9806751044418613 0
-0.525767748302211 -0.8781755428382543 0
-0.7417487955020394 -1.018675980722783 0
-0.4845385573701141 -0.9061621402521248 0
-0.821331867446728 -1.072921744802126 0
-0.6959481031397586 -1.016896017265229 0
-0.8173711322105236 -1.089759651768101 0
-0.481331184761336 -0.9813545807578709 0
-0.527218176308533 -0.8980576781581568 0
-0.4583530303188539 -0.9030702007305165 0
-0.5264941763063961 -0.8881161808138118 0
-0.8598930025850209 -1.17085503208522 0
-0.8667321346672943 -1.163577559581828 0
-0.8735543660575492 -1.156292862786759 0
-0.5495131061726175 -0.9663993803495432 0
-0.3605300260006117 -1.105009549628769 0
-0.5735325718134315 -0.9396583963115882 0
-0.5361898574290895 -0.9024000171534883 0
-0.8202543174086812 -1.099324522976421 0
-0.8299803508841961 -1.101613250520552 0
-0.8328616957966288 -1.111176070014934 0
-0.4501069238101352 -0.9086656131866776 0
-0.8357441459544028 -1.120740055894974 0
-0.4418622036779047 -0.9142631218551532 0
-0.8386275315443992 -1.130305470918145 0
-0.5742573217771968 -0.9496042564243151 0
-0.5859855850887348 -0.9939785097263771 0
-0.4425783305857421 -0.9242056956814557 0
-0.3923693666549778 -0.947821751938149 0
-0.8415105008983296 -1.139870758721396 0
-0.7388699323431035 -1.009118531950975 0
-0.4192774384380566 -0.9608864439629186 0
-0.844393418212777 -1.149436372081092 0
-0.8472803968146514 -1.159004316443177 0
-0.8501663623384594 -1.168568175056985 0
-0.4350531810999612 -0.9397465148019897 0
-0.4178475331065018 -0.9409841826568328 0
-0.5832331542765566 -0.9539479288449343 0
-0.577276066001728 -0.9989291662224302 0
-0.6004471169649879 -0.9526899168056048 0
-0.4343365057599649 -0.9297995986713461 0
-0.7143968490905906 -1.047769932318181 0
-0.6011516267248062 -0.9626423718578228 0
-0.4942754973631033 -1.11987419408931 0
-0.7172725845455612 -1.057336508844676 0
-0.7105093192157829 -1.064660832991608 0
-0.713803516359836 -1.074450050629991 0
-0.6177817265955476 -0.9608549463989282 0
-0.5412458114840391 -0.9719842636624851 0
-0.3841225402807472 -0.9534332685297257 0
-0.4185616407603306 -0.9509298171769043 0
-0.5330044233012037 -0.9775869843231944 0
-0.5247367830946803 -0.9831608700020831 0
-0.5626906634688211 -1.017853129417074 0
-0.8833451086014192 -1.158239594712385 0
-0.6568020203527187 -0.9647704313514103 0
-0.8941483838722735 -1.135634757797833 0
-0.6505263752286883 -0.957072586170444 0
-0.8925783534380931 -1.009719840208404 0
-0.5253546046194402 -0.9929743983856386 0
-0.5442406783994759 -1.010439514345927 0
-0.5940223129665075 -0.8874251414172641 0
-0.4102630842701093 -1.168822802547167 0
-0.5171967917323601 -0.9986329760660851 0
-0.8005513230140232 -0.9165540759275115 0
-0.4436949214200385 -0.8194309039119109 0
-0.5817817528062063 -0.8729080793154125 0
-0.7262775220591579 -0.9972133200871762 0
-0.503976762791488 -1.124377320129919 0
-0.3198327259628274 -0.9036113759623509 0
-0.8931846769661268 -1.072135530335031 0
-0.7541179591539522 -0.9461501356990556 0
-0.7576711662894169 -0.9554454532943798 0
-0.8306657285807642 -0.9238694060519868 0
-0.5670740719484912 -0.8594685214421444 0
-0.9026575619331352 -1.130542460460096 0
-0.6325744127637078 -1.025896877347757 0
-0.4529956270295838 -1.178470610635673 0
-0.4352771081735752 -1.180475696795647 0
-0.3750202800814079 -1.151538692168877 0
-0.9030154388241859 -1.061222215232783 0
-0.4758044045627468 -1.026827124464674 0
-0.4916017202178824 -1.005385363022734 0
-0.9002889006563779 -1.150998054630941 0
-0.7814006131904608 -1.258600934948414 0
-0.9005724939414549 -1.041718926465195 0
-0.7637155219148426 -0.9707487348151368 0
-0.5261881354338791 -1.002680297177044 0
-0.2845654210695787 -1.018929717280012 0
-0.8566810309104028 -1.248788801224824 0
-0.8277947795758001 -1.279435760666753 0
-0.6277670796239351 -0.9855592675641036 0
-0.4832990305355076 -1.010962056611808 0
-0.8798552777820221 -0.9966997170737403 0
-0.6354747774813485 -1.036729600065393 0
-0.2926221775344139 -1.004242697053521 0
-0.7744924023278014 -1.240266582579747 0
-0.4764347250456451 -1.036732440643843 0
-0.3760433361674351 -0.8432921118263011 0
-0.6481157077512312 -1.052592078201227 0
-0.4183401370744191 -0.8267861546364382 0
-0.3364978674399379 -1.123179497723113 0
-0.2836248843406959 -0.9888100650744118 0
-0.4750454918506403 -1.016520790677436 0
-0.2850604599379695 -0.9695337845134165 0
-0.3350348336697394 -1.112048652225246 0
-0.8898256819107947 -1.151020644357258 0
-0.3119251750593975 -0.9093512487120088 0
-0.3027961076063806 -0.9150398161752418 0
-0.3189270372380018 -0.8926616130573836 0
-0.5011111917898381 -1.154348184351036 0
-0.4975234284114983 -1.065480955283318 0
-0.8715918085187443 -0.9626331125485096 0
-0.5323807330062766 -0.8253586304807524 0
-0.6347030697252716 -0.9514573721237565 0
-0.8816639472176371 -0.9787796915368384 0
-0.7715772683863571 -1.176809003173183 0
-0.8891216377760252 -1.027725926530507 0
-0.5133569552517885 -0.8246595153399673 0
-0.2924550993653351 -1.063412751186835 0
-0.3777758903962672 -0.8637394180420375 0
-0.2938798748511302 -0.9330279704400134 0
-0.5341443044717999 -0.9970257125959654 0
-0.6659006198418598 -1.023883026103296 0
-0.2837957375889025 -0.998858572457043 0
-0.4963003106381639 -1.179095933863107 0
-0.4012678174699342 -0.8275815260204407 0
-0.3724587167982854 -1.139454157161597 0
-0.5975393054500959 -0.9036159485259446 0
-0.7583060484389881 -1.19333601181098 0
-0.2948555105324455 -1.034322459019791 0
-0.4726940604093769 -0.8054780720622783 0
-0.4870589287657556 -1.051340718648078 0
-0.3442661972592235 -0.876927777217121 0
-0.2889189117247065 -0.9511396861104287 0
-0.2920949931272641 -0.9844276581538502 0
-0.4546772349669394 -1.18839570017171 0
-0.4638581823115993 -1.19149446380788 0
-0.5430517423567471 -1.001108264531574 0
-0.4914579360605463 -1.194543636664188 0
-0.814806262311693 -1.293002957172726 0
-0.8856172879206312 -0.9876939704053287 0
-0.6198148941616625 -0.9709322240693585 0
-0.8400563732173962 -0.928420770505153 0
-0.5238039982653668 -0.8202610992444687 0
-0.4776405859340564 -1.046677472243842 0
-0.3434738866853787 -0.8661772364837041 0
-0.5086841327116111 -0.8103669235819363 0
-0.843377445969228 -1.263729964040164 0
-0.6721321773851472 -1.055364726764963 0
-0.4910205574343355 -0.8061284408009619 0
-0.780486783387501 -1.206026830898483 0
-0.8987932360084133 -1.032172604913526 0
-0.410119542900487 -0.8320346505213305 0
-0.9041120591233898 -1.111133347998602 0
-0.8822968190799529 -1.224027794944656 0
-0.7175304750595943 -1.08241269942398 0
-0.7546966106728819 -1.120445274538772 0
-0.4945199911195411 -0.8162178323705145 0
-0.8545844459858467 -1.264502256883353 0
-0.8428253942115287 -1.278965552784411 0
-0.5890928330949752 -1.013547725640114 0
-0.7947159094702752 -1.283166364278779 0
-0.6775138123031116 -1.013089362873547 0
-0.6143999945322962 -0.91050932957634 0
-0.5674461809278483 -0.8703767031999609 0
-0.8981337707699384 -1.179184551220806 0
-0.8167992480071631 -0.9118375727805373 0
-0.5520265354185869 -1.005110630213351 0
-0.4352115174727473 -1.169662074645516 0
-0.5319668299434341 -0.834428586766639 0
-0.7742235582474373 -1.213776859667177 0
-0.4882023734381034 -1.060939196319604 0
-0.4081427548243802 -1.14652773652245 0
-0.2984728766833914 -1.082579563803912 0
-0.482175201983832 -1.193419160141958 0
-0.2861552519887551 -1.046531350748874 0
-0.3568580185644536 -1.141044485637212 0
-0.728939952534055 -1.094630562040312 0
-0.6668707995429419 -1.033735908110902 0
-0.6678177504271026 -1.044776856471631 0
-0.656640094198353 -0.9901969751735457 0
-0.8537738734046324 -0.9390055740398936 0
-0.7645336156074761 -1.185282584049007 0
-0.46935267726154 -0.8135687025266911 0
-0.8726264529344293 -0.9784551427937609 0
-0.4439937539552132 -0.8098860374908714 0
-0.9049110995938949 -1.081842624189516 0
-0.8569901592914226 -0.9577015622854671 0
-0.8608046187626892 -1.256998379394418 0
-0.7794809240871325 -0.9311162175503438 0
-0.7647301753620258 -0.9305069560368863 0
-0.5855228179051224 -0.8887041635070194 0
-0.777042866504748 -1.223311242696683 0
-0.2921343930671923 -0.9747364451906577 0
-0.8932641501152573 -1.197442647159163 0
-0.8356726079454143 -1.284725017029847 0
-0.3284959893799749 -0.8764695229952555 0
-0.8932020807117738 -1.046911183526001 0
-0.9016844263443957 -1.160176928302205 0
-0.5609762121647147 -1.008911621355036 0
-0.3061783701304661 -0.9239613283850817 0
-0.7712493203708798 -1.231030991231637 0
-0.8593814111394332 -1.232848983021279 0
-0.7651949483093908 -0.9456349412079805 0
-0.6229371673910198 -0.9357485677265356 0
-0.6845490341600544 -1.065650668838784 0
-0.3983375999462074 -1.141871535600418 0
-0.7779572164188028 -0.9169686301735522 0
-0.7850810399613999 -0.913326075279983 0
-0.7834919642317167 -1.241241372428397 0
-0.6723225498903364 -1.006573984160378 0
-0.749206395904526 -1.129978095025 0
-0.3076948995473599 -1.098772988507082 0
-0.304190086626049 -0.9060929800431351 0
-0.8948933585948828 -1.144247790397892 0
-0.4691649346967051 -1.185220447091903 0
-0.6986101996762768 -1.078500652315411 0
-0.4179446385165027 -0.8178879685173138 0
-0.6327789077611602 -0.9612730240830955 0
-0.6579024669165126 -1.047513560165188 0
-0.2855277849154458 -1.028656394785267 0
-0.5688264909823816 -1.003424873545256 0
-0.504558092862152 -1.181409009134392 0
-0.7848772094083251 -1.267489837950528 0
-0.8721717611052413 -1.24124476253959 0
-0.349200013434707 -1.137788537163521 0
-0.2981096281365505 -1.055515832884284 0
-0.8964341604154238 -1.116382092592441 0
-0.4865119224669564 -0.8130333724892493 0
-0.7990579043838457 -1.262090489046535 0
-0.7616515689832621 -0.9624885911425369 0
-0.8204059745175156 -0.9240221762724521 0
-0.7868137200536111 -1.250439075066766 0
-0.6900055428925513 -1.000042108891541 0
-0.2985368012998361 -0.9400754225054661 0
-0.8007311396597319 -0.9070844018876696 0
-0.5563570413809891 -0.8446453030749471 0
-0.5405827250973358 -0.8389083938737381 0
-0.577143422974556 -1.007092552228484 0
-0.4551323535109649 -0.8072127127844875 0
-0.6433157212501512 -1.038432335025212 0
-0.5576205985513112 -0.8581173963170263 0
-0.8622283335716716 -1.241365347732285 0
-0.8208583471946933 -1.285851309143683 0
-0.6421642336648009 -0.9835317473844469 0
-0.8951871096240329 -1.056627668863422 0
-0.8791454814057772 -1.209511118262017 0
-0.791350595097984 -0.9175488327895311 0
-0.7987130599192112 -1.290737101385001 0
-0.2920243706955201 -0.9659582884965144 0
-0.8689157434133363 -0.9701818455333697 0
-0.6142611541906593 -0.9241566038134861 0
-0.3290179810261837 -0.8899994954624764 0
-0.6002915032502487 -1.023910518718127 0
-0.3922268058362938 -1.162886593797597 0
-0.5880150148997643 -1.020816694809933 0
-0.6727338764277672 -1.019626458202629 0
-0.9067054329684998 -1.091170071062963 0
-0.3000007391782107 -1.064466580352844 0
-0.6061263211959426 -0.8998087917695511 0
-0.8970158110221447 -1.015497414583927 0
-0.6262417892049326 -0.9773109149466187 0
-0.893400972553051 -1.002620274553242 0
-0.7899423614668586 -1.25952556832533 0
-0.3192820651126843 -1.113458201975647 0
-0.3461559718095314 -1.123835560537355 0
-0.7518804921877666 -0.960673736122541 0
-0.5091147998444367 -1.14393052909495 0
-0.5742786220519585 -0.8747842243419141 0
-0.4257692144982676 -0.8131999021599071 0
-0.6626223771798937 -0.9960479775703277 0
-0.7322449523851637 -1.102528643745143 0
-0.6250842010500107 -0.9636534767538949 0
-0.5086998798054206 -1.152941998156545 0
-0.4978411716018089 -1.194943224465316 0
-0.8399043630470067 -0.9369041016159096 0
-0.4262983566399421 -1.18117742499082 0
-0.8967778693363366 -1.065665419183894 0
-0.3987765964447605 -1.158412357578058 0
-0.5470141337959277 -0.8348149804627127 0
-0.821943718763666 -1.29359052009997 0
-0.4983722393529721 -1.135956235112704 0